[Window][DockSpaceViewport_11111111]
Pos=0,0
Size=1920,1009
Collapsed=0

[Window][Debug##Default]
Pos=59,192
Size=400,400
Collapsed=0

[Window][Texture Preview]
Pos=1143,305
Size=768,768
Collapsed=0

[Window][Node Editor]
Pos=0,0
Size=1920,1009
Collapsed=0
DockId=0x8B93E3BD,0

[Docking][Data]
DockSpace ID=0x8B93E3BD Window=0xA787BDB4 Pos=0,0 Size=1920,1009 CentralNode=1 Selected=0xAE98FAB7


[NoiseToolMeshNoisePreview][Settings]
tri_limit=35000000
frequency=0.005000
iso_surface=0.000000
heightmap_multiplier=100.000000
seed=1338
color=16777215
mesh_type=0
enabled=1

[NoiseToolNoiseTexture][Settings]
frequency=0.020000
seed=1337
gen_type=0
export_size=4096:4096

[NoiseToolNodeGraph][Settings]
grid_offset=0.000000:0.000000
frequency=0.020000
seed=1337
gen_type=0

[NoiseToolNodeData][Node:7]
id=3
grid_pos=496.000000:262.000000

[NoiseToolNodeData][Node:13]
variable=5
variable=1073741824
node=3
hybrid=0:0.500000
hybrid=0:0.000000
id=4
grid_pos=776.000000:234.000000
